     0.000000     0.000000     0.000000
     0.0979071     1.38268     0.000000
     0.103469     0.842461     0.000000
     0.106269     0.610980     0.000000
     0.108475     0.482412     0.000000
     0.110483     0.400623     0.000000
     0.112412     0.344022     0.000000
     0.114308     0.302536     0.000000
     0.116190     0.270828     0.000000
     0.118068     0.245812     0.000000
     0.119949     0.225576     0.000000
     0.121836     0.208872     0.000000
     0.123731     0.194854     0.000000
     0.125634     0.182924     0.000000
     0.127549     0.172650     0.000000
     0.129474     0.163712     0.000000
     0.131410     0.155866     0.000000
     0.133358     0.148927     0.000000
     0.135318     0.142745     0.000000
     0.137289     0.137206     0.000000
     0.139273     0.132215     0.000000
     0.141270     0.127695     0.000000
     0.143278     0.123584     0.000000
     0.145299     0.119829     0.000000
     0.147333     0.116386     0.000000
     0.149379     0.113219     0.000000
     0.151437     0.110297     0.000000
     0.153507     0.107593     0.000000
     0.155589     0.105083     0.000000
     0.157683     0.102748     0.000000
     0.159789     0.100570     0.000000
     0.161907    0.0985348     0.000000
     0.164037    0.0966287     0.000000
     0.166178    0.0948399     0.000000
     0.168330    0.0931583     0.000000
     0.170493    0.0915745     0.000000
     0.172666    0.0900804     0.000000
     0.174850    0.0886687     0.000000
     0.177045    0.0873328     0.000000
     0.179249    0.0860668     0.000000
     0.181462    0.0848653     0.000000
     0.183685    0.0837235     0.000000
     0.185916    0.0826371     0.000000
     0.188156    0.0816019     0.000000
     0.190404    0.0806144     0.000000
     0.192659    0.0796712     0.000000
     0.194921    0.0787693     0.000000
     0.197190    0.0779058     0.000000
     0.199465    0.0770782     0.000000
     0.201745    0.0762841     0.000000
     0.204030    0.0755213     0.000000
     0.206319    0.0747876     0.000000
     0.208611    0.0740814     0.000000
     0.210907    0.0734007     0.000000
     0.213204    0.0727439     0.000000
     0.215503    0.0721095     0.000000
     0.217803    0.0714961     0.000000
     0.220102    0.0709023     0.000000
     0.222401    0.0703268     0.000000
     0.224698    0.0697685     0.000000
     0.226992    0.0692264     0.000000
     0.229283    0.0686992     0.000000
     0.231570    0.0681861     0.000000
     0.233850    0.0676861     0.000000
     0.236125    0.0671983     0.000000
     0.238392    0.0667219     0.000000
     0.240651    0.0662562     0.000000
     0.242900    0.0658003     0.000000
     0.245139    0.0653536     0.000000
     0.247366    0.0649154     0.000000
     0.249580    0.0644851     0.000000
     0.251781    0.0640621     0.000000
     0.253966    0.0636457     0.000000
     0.256135    0.0632355     0.000000
     0.258286    0.0628309     0.000000
     0.260419    0.0624315     0.000000
     0.262532    0.0620367     0.000000
     0.264624    0.0616461     0.000000
     0.266694    0.0612593     0.000000
     0.268740    0.0608759     0.000000
     0.270761    0.0604955     0.000000
     0.272755    0.0601177     0.000000
     0.274723    0.0597423     0.000000
     0.276662    0.0593688     0.000000
     0.278571    0.0589970     0.000000
     0.280448    0.0586265     0.000000
     0.282294    0.0582571     0.000000
     0.284105    0.0578886     0.000000
     0.285882    0.0575207     0.000000
     0.287623    0.0571531     0.000000
     0.289327    0.0567857     0.000000
     0.290992    0.0564182     0.000000
     0.292618    0.0560505     0.000000
     0.294204    0.0556824     0.000000
     0.295748    0.0553137     0.000000
     0.297249    0.0549443     0.000000
     0.298706    0.0545741     0.000000
     0.300119    0.0542029     0.000000
     0.301486    0.0538307     0.000000
     0.302807    0.0534574     0.000000
     0.304081    0.0530828     0.000000
     0.305307    0.0527069     0.000000
     0.306484    0.0523297     0.000000
     0.307611    0.0519511     0.000000
     0.308689    0.0515711     0.000000
     0.309716    0.0511896     0.000000
     0.310691    0.0508067     0.000000
     0.311615    0.0504223     0.000000
     0.312488    0.0500365     0.000000
     0.313308    0.0496492     0.000000
     0.314075    0.0492606     0.000000
     0.314789    0.0488705     0.000000
     0.315451    0.0484792     0.000000
     0.316059    0.0480865     0.000000
     0.316615    0.0476926     0.000000
     0.317117    0.0472976     0.000000
     0.317566    0.0469015     0.000000
     0.317963    0.0465044     0.000000
     0.318307    0.0461064     0.000000
     0.318599    0.0457076     0.000000
     0.318839    0.0453080     0.000000
     0.319027    0.0449078     0.000000
     0.319164    0.0445071     0.000000
     0.319251    0.0441059     0.000000
     0.319288    0.0437045     0.000000
     0.319275    0.0433028     0.000000
     0.319213    0.0429011     0.000000
     0.319104    0.0424995     0.000000
     0.318947    0.0420980     0.000000
     0.318744    0.0416968     0.000000
     0.318495    0.0412960     0.000000
     0.318202    0.0408958     0.000000
     0.317865    0.0404962     0.000000
     0.317485    0.0400974     0.000000
     0.317063    0.0396996     0.000000
     0.316600    0.0393028     0.000000
     0.316098    0.0389071     0.000000
     0.315557    0.0385127     0.000000
     0.314978    0.0381197     0.000000
     0.314363    0.0377283     0.000000
     0.313712    0.0373385     0.000000
     0.313027    0.0369504     0.000000
     0.312309    0.0365642     0.000000
     0.311559    0.0361800     0.000000
     0.310779    0.0357978     0.000000
     0.309969    0.0354178     0.000000
     0.309130    0.0350401     0.000000
     0.308264    0.0346648     0.000000
     0.307372    0.0342919     0.000000
     0.306456    0.0339216     0.000000
     0.305515    0.0335539     0.000000
     0.304552    0.0331890     0.000000
     0.303568    0.0328268     0.000000
     0.302563    0.0324676     0.000000
     0.301539    0.0321112     0.000000
     0.300498    0.0317579     0.000000
     0.299439    0.0314077     0.000000
     0.298364    0.0310606     0.000000
     0.297275    0.0307167     0.000000
     0.296172    0.0303760     0.000000
     0.295056    0.0300386     0.000000
     0.293928    0.0297045     0.000000
     0.292790    0.0293739     0.000000
     0.291642    0.0290466     0.000000
     0.290485    0.0287227     0.000000
     0.289320    0.0284024     0.000000
     0.288148    0.0280855     0.000000
     0.286970    0.0277722     0.000000
     0.285787    0.0274623     0.000000
     0.284600    0.0271561     0.000000
     0.283408    0.0268534     0.000000
     0.282214    0.0265543     0.000000
     0.281018    0.0262588     0.000000
     0.279820    0.0259668     0.000000
     0.278621    0.0256785     0.000000
     0.277422    0.0253937     0.000000
     0.276224    0.0251126     0.000000
     0.275027    0.0248350     0.000000
     0.273832    0.0245610     0.000000
     0.272640    0.0242906     0.000000
     0.271450    0.0240237     0.000000
     0.270264    0.0237604     0.000000
     0.269082    0.0235006     0.000000
     0.267904    0.0232443     0.000000
     0.266731    0.0229914     0.000000
     0.265564    0.0227421     0.000000
     0.264402    0.0224962     0.000000
     0.263247    0.0222537     0.000000
     0.262098    0.0220146     0.000000
     0.260956    0.0217789     0.000000
     0.259821    0.0215465     0.000000
     0.258694    0.0213175     0.000000
     0.257575    0.0210917     0.000000
     0.256464    0.0208692     0.000000
     0.255362    0.0206499     0.000000
     0.254268    0.0204338     0.000000
     0.253184    0.0202208     0.000000
     0.252108    0.0200110     0.000000
     0.251042    0.0198043     0.000000
     0.249986    0.0196006     0.000000
     0.248939    0.0193999     0.000000
     0.247903    0.0192023     0.000000
     0.246876    0.0190075     0.000000
     0.245859    0.0188157     0.000000
     0.244853    0.0186268     0.000000
     0.243858    0.0184407     0.000000
     0.242873    0.0182574     0.000000
     0.241899    0.0180769     0.000000
     0.240935    0.0178991     0.000000
     0.239982    0.0177240     0.000000
     0.239040    0.0175516     0.000000
     0.238110    0.0173818     0.000000
     0.237190    0.0172145     0.000000
     0.236281    0.0170498     0.000000
     0.235383    0.0168877     0.000000
     0.234496    0.0167279     0.000000
     0.233621    0.0165707     0.000000
     0.232756    0.0164158     0.000000
     0.231903    0.0162633     0.000000
     0.231060    0.0161131     0.000000
     0.230229    0.0159652     0.000000
     0.229409    0.0158196     0.000000
     0.228600    0.0156762     0.000000
     0.227802    0.0155350     0.000000
     0.227015    0.0153959     0.000000
     0.226239    0.0152590     0.000000
     0.225473    0.0151241     0.000000
     0.224719    0.0149913     0.000000
     0.223976    0.0148605     0.000000
     0.223243    0.0147317     0.000000
     0.222521    0.0146049     0.000000
     0.221809    0.0144800     0.000000
     0.221108    0.0143570     0.000000
     0.220418    0.0142358     0.000000
     0.219738    0.0141165     0.000000
     0.219069    0.0139989     0.000000
     0.218410    0.0138832     0.000000
     0.217761    0.0137692     0.000000
     0.217122    0.0136569     0.000000
     0.216493    0.0135462     0.000000
     0.215874    0.0134373     0.000000
     0.215266    0.0133299     0.000000
     0.214667    0.0132242     0.000000
     0.214077    0.0131200     0.000000
     0.213498    0.0130174     0.000000
     0.212928    0.0129162     0.000000
     0.212368    0.0128166     0.000000
     0.211816    0.0127185     0.000000
     0.211275    0.0126218     0.000000
     0.210742    0.0125265     0.000000
     0.210219    0.0124326     0.000000
     0.209705    0.0123401     0.000000
     0.209199    0.0122489     0.000000
     0.208703    0.0121590     0.000000
     0.208215    0.0120705     0.000000
     0.207736    0.0119832     0.000000
     0.207266    0.0118972     0.000000
     0.206804    0.0118124     0.000000
     0.206351    0.0117288     0.000000
     0.205905    0.0116464     0.000000
     0.205469    0.0115652     0.000000
     0.205040    0.0114852     0.000000
     0.204619    0.0114062     0.000000
     0.204206    0.0113284     0.000000
     0.203802    0.0112517     0.000000
     0.203404    0.0111761     0.000000
     0.203015    0.0111015     0.000000
     0.202633    0.0110279     0.000000
     0.202259    0.0109554     0.000000
     0.201892    0.0108839     0.000000
     0.201533    0.0108133     0.000000
     0.201181    0.0107438     0.000000
     0.200836    0.0106752     0.000000
     0.200498    0.0106075     0.000000
     0.200167    0.0105407     0.000000
     0.199843    0.0104749     0.000000
     0.199526    0.0104099     0.000000
     0.199215    0.0103458     0.000000
     0.198912    0.0102825     0.000000
     0.198614    0.0102202     0.000000
     0.198324    0.0101586     0.000000
     0.198040    0.0100978     0.000000
     0.197762    0.0100379     0.000000
     0.197490   0.00997874     0.000000
     0.197225   0.00992036     0.000000
     0.196966   0.00986274     0.000000
     0.196713   0.00980587     0.000000
     0.196465   0.00974973     0.000000
     0.196224   0.00969432     0.000000
     0.195989   0.00963963     0.000000
     0.195759   0.00958563     0.000000
     0.195535   0.00953232     0.000000
     0.195316   0.00947969     0.000000
     0.195104   0.00942773     0.000000
     0.194896   0.00937642     0.000000
     0.194694   0.00932575     0.000000
     0.194497   0.00927572     0.000000
     0.194306   0.00922631     0.000000
     0.194120   0.00917751     0.000000
     0.193939   0.00912932     0.000000
     0.193763   0.00908172     0.000000
     0.193592   0.00903470     0.000000
     0.193426   0.00898825     0.000000
     0.193264   0.00894237     0.000000
     0.193108   0.00889705     0.000000
     0.192956   0.00885227     0.000000
     0.192809   0.00880802     0.000000
     0.192667   0.00876431     0.000000
     0.192529   0.00872112     0.000000
     0.192396   0.00867843     0.000000
     0.192267   0.00863626     0.000000
     0.192143   0.00859457     0.000000
     0.192023   0.00855338     0.000000
     0.191907   0.00851266     0.000000
     0.191796   0.00847242     0.000000
     0.191689   0.00843264     0.000000
     0.191585   0.00839332     0.000000
     0.191486   0.00835444     0.000000
     0.191391   0.00831602     0.000000
     0.191300   0.00827802     0.000000
     0.191213   0.00824046     0.000000
     0.191130   0.00820332     0.000000
     0.191050   0.00816659     0.000000
     0.190975   0.00813028     0.000000
     0.190903   0.00809437     0.000000
     0.190834   0.00805885     0.000000
     0.190770   0.00802373     0.000000
     0.190709   0.00798899     0.000000
     0.190651   0.00795463     0.000000
     0.190597   0.00792064     0.000000
     0.190547   0.00788702     0.000000
     0.190499   0.00785376     0.000000
     0.190456   0.00782086     0.000000
     0.190415   0.00778830     0.000000
     0.190378   0.00775610     0.000000
     0.190344   0.00772423     0.000000
     0.190313   0.00769270     0.000000
     0.190286   0.00766151     0.000000
     0.190261   0.00763063     0.000000
     0.190240   0.00760008     0.000000
     0.190222   0.00756984     0.000000
     0.190206   0.00753991     0.000000
     0.190194   0.00751029     0.000000
     0.190184   0.00748098     0.000000
     0.190178   0.00745196     0.000000
     0.190174   0.00742323     0.000000
     0.190173   0.00739479     0.000000
     0.190175   0.00736664     0.000000
     0.190180   0.00733877     0.000000
     0.190187   0.00731117     0.000000
     0.190197   0.00728385     0.000000
     0.190210   0.00725679     0.000000
     0.190225   0.00723000     0.000000
     0.190243   0.00720347     0.000000
     0.190264   0.00717720     0.000000
     0.190287   0.00715118     0.000000
     0.190312   0.00712542     0.000000
     0.190340   0.00709990     0.000000
     0.190371   0.00707462     0.000000
     0.190404   0.00704958     0.000000
     0.190439   0.00702478     0.000000
     0.190476   0.00700021     0.000000
     0.190516   0.00697587     0.000000
     0.190558   0.00695176     0.000000
     0.190602   0.00692787     0.000000
     0.190649   0.00690420     0.000000
     0.190698   0.00688075     0.000000
     0.190749   0.00685751     0.000000
     0.190802   0.00683448     0.000000
     0.190857   0.00681167     0.000000
     0.190914   0.00678905     0.000000
     0.190974   0.00676665     0.000000
     0.191035   0.00674444     0.000000
     0.191099   0.00672243     0.000000
     0.191164   0.00670061     0.000000
     0.191232   0.00667899     0.000000
     0.191301   0.00665755     0.000000
     0.191372   0.00663631     0.000000
     0.191446   0.00661524     0.000000
     0.191521   0.00659436     0.000000
     0.191598   0.00657366     0.000000
     0.191677   0.00655314     0.000000
     0.191757   0.00653279     0.000000
     0.191840   0.00651262     0.000000
     0.191924   0.00649261     0.000000
     0.192010   0.00647278     0.000000
     0.192097   0.00645311     0.000000
     0.192187   0.00643360     0.000000
     0.192278   0.00641426     0.000000
     0.192371   0.00639507     0.000000
     0.192465   0.00637605     0.000000
     0.192561   0.00635718     0.000000
     0.192659   0.00633846     0.000000
     0.192758   0.00631990     0.000000
     0.192859   0.00630148     0.000000
     0.192961   0.00628322     0.000000
     0.193065   0.00626510     0.000000
     0.193170   0.00624712     0.000000
     0.193277   0.00622929     0.000000
     0.193386   0.00621160     0.000000
     0.193496   0.00619404     0.000000
     0.193607   0.00617663     0.000000
     0.193720   0.00615935     0.000000
     0.193834   0.00614220     0.000000
     0.193949   0.00612519     0.000000
     0.194066   0.00610831     0.000000
     0.194185   0.00609155     0.000000
     0.194304   0.00607493     0.000000
     0.194425   0.00605843     0.000000
     0.194548   0.00604205     0.000000
     0.194672   0.00602580     0.000000
     0.194796   0.00600967     0.000000
     0.194923   0.00599366     0.000000
     0.195050   0.00597777     0.000000
     0.195179   0.00596200     0.000000
     0.195309   0.00594634     0.000000
     0.195440   0.00593079     0.000000
     0.195573   0.00591536     0.000000
     0.195706   0.00590005     0.000000
     0.195841   0.00588484     0.000000
     0.195977   0.00586974     0.000000
     0.196114   0.00585475     0.000000
     0.196252   0.00583987     0.000000
     0.196392   0.00582509     0.000000
     0.196532   0.00581041     0.000000
     0.196674   0.00579584     0.000000
     0.196817   0.00578138     0.000000
     0.196960   0.00576701     0.000000
     0.197105   0.00575274     0.000000
     0.197251   0.00573857     0.000000
     0.197398   0.00572450     0.000000
     0.197546   0.00571052     0.000000
     0.197695   0.00569664     0.000000
     0.197845   0.00568286     0.000000
     0.197996   0.00566917     0.000000
     0.198148   0.00565557     0.000000
     0.198301   0.00564206     0.000000
     0.198455   0.00562864     0.000000
     0.198610   0.00561531     0.000000
     0.198766   0.00560207     0.000000
     0.198923   0.00558891     0.000000
     0.199080   0.00557584     0.000000
     0.199239   0.00556286     0.000000
     0.199399   0.00554996     0.000000
     0.199559   0.00553715     0.000000
     0.199720   0.00552441     0.000000
     0.199882   0.00551176     0.000000
     0.200046   0.00549919     0.000000
     0.200209   0.00548670     0.000000
     0.200374   0.00547429     0.000000
     0.200540   0.00546196     0.000000
     0.200706   0.00544971     0.000000
     0.200874   0.00543753     0.000000
     0.201042   0.00542543     0.000000
     0.201211   0.00541340     0.000000
     0.201380   0.00540145     0.000000
     0.201551   0.00538957     0.000000
     0.201722   0.00537776     0.000000
     0.201894   0.00536603     0.000000
     0.202067   0.00535436     0.000000
     0.202240   0.00534277     0.000000
     0.202415   0.00533125     0.000000
     0.202590   0.00531980     0.000000
     0.202765   0.00530841     0.000000
     0.202942   0.00529709     0.000000
     0.203119   0.00528584     0.000000
     0.203297   0.00527466     0.000000
     0.203476   0.00526354     0.000000
     0.203655   0.00525249     0.000000
     0.203835   0.00524150     0.000000
     0.204016   0.00523058     0.000000
     0.204197   0.00521971     0.000000
     0.204379   0.00520892     0.000000
     0.204562   0.00519818     0.000000
     0.204745   0.00518750     0.000000
     0.204929   0.00517689     0.000000
     0.205114   0.00516633     0.000000
     0.205299   0.00515584     0.000000
     0.205485   0.00514540     0.000000
     0.205671   0.00513502     0.000000
     0.205858   0.00512470     0.000000
     0.206046   0.00511444     0.000000
     0.206234   0.00510424     0.000000
     0.206423   0.00509409     0.000000
     0.206613   0.00508399     0.000000
     0.206803   0.00507395     0.000000
     0.206993   0.00506397     0.000000
     0.207185   0.00505404     0.000000
     0.207376   0.00504416     0.000000
     0.207569   0.00503434     0.000000
     0.207762   0.00502457     0.000000
     0.207955   0.00501485     0.000000
     0.208149   0.00500519     0.000000
     0.208344   0.00499557     0.000000
     0.208539   0.00498601     0.000000
     0.208734   0.00497649     0.000000
     0.208930   0.00496703     0.000000
     0.209127   0.00495761     0.000000
     0.209324   0.00494825     0.000000
     0.209522   0.00493893     0.000000
     0.209720   0.00492966     0.000000
     0.209919   0.00492044     0.000000
     0.210118   0.00491126     0.000000
     0.210317   0.00490213     0.000000
     0.210517   0.00489305     0.000000
     0.210718   0.00488401     0.000000
     0.210919   0.00487502     0.000000
     0.211120   0.00486608     0.000000
     0.211322   0.00485718     0.000000
     0.211525   0.00484832     0.000000
     0.211728   0.00483951     0.000000
     0.211931   0.00483074     0.000000
     0.212135   0.00482202     0.000000
     0.212339   0.00481333     0.000000
     0.212544   0.00480469     0.000000
     0.212749   0.00479610     0.000000
     0.212954   0.00478754     0.000000
     0.213160   0.00477902     0.000000
     0.213367   0.00477055     0.000000
     0.213573   0.00476212     0.000000
     0.213781   0.00475372     0.000000
     0.213988   0.00474537     0.000000
     0.214196   0.00473706     0.000000
     0.214405   0.00472878     0.000000
     0.214613   0.00472055     0.000000
     0.214823   0.00471235     0.000000
     0.215032   0.00470420     0.000000
     0.215242   0.00469607     0.000000
     0.215452   0.00468799     0.000000
     0.215663   0.00467995     0.000000
     0.215874   0.00467194     0.000000
     0.216086   0.00466397     0.000000
     0.216297   0.00465604     0.000000
     0.216510   0.00464814     0.000000
     0.216722   0.00464028     0.000000
     0.216935   0.00463245     0.000000
     0.217148   0.00462466     0.000000
     0.217362   0.00461690     0.000000
     0.217576   0.00460918     0.000000
     0.217790   0.00460149     0.000000
     0.218005   0.00459384     0.000000
     0.218220   0.00458622     0.000000
     0.218435   0.00457864     0.000000
     0.218651   0.00457109     0.000000
     0.218867   0.00456357     0.000000
     0.219083   0.00455608     0.000000
     0.219299   0.00454863     0.000000
     0.219516   0.00454121     0.000000
     0.219734   0.00453382     0.000000
     0.219951   0.00452646     0.000000
     0.220169   0.00451914     0.000000
     0.220387   0.00451185     0.000000
     0.220606   0.00450458     0.000000
     0.220824   0.00449735     0.000000
     0.221043   0.00449015     0.000000
     0.221263   0.00448298     0.000000
     0.221482   0.00447584     0.000000
     0.221702   0.00446873     0.000000
     0.221923   0.00446165     0.000000
     0.222143   0.00445460     0.000000
     0.222364   0.00444758     0.000000
     0.222585   0.00444059     0.000000
     0.222806   0.00443363     0.000000
     0.223028   0.00442669     0.000000
     0.223250   0.00441979     0.000000
     0.223472   0.00441291     0.000000
     0.223694   0.00440606     0.000000
     0.223917   0.00439924     0.000000
     0.224140   0.00439244     0.000000
     0.224363   0.00438568     0.000000
     0.224587   0.00437894     0.000000
     0.224810   0.00437222     0.000000
     0.225034   0.00436554     0.000000
     0.225259   0.00435888     0.000000
     0.225483   0.00435225     0.000000
     0.225708   0.00434564     0.000000
     0.225933   0.00433906     0.000000
     0.226158   0.00433251     0.000000
     0.226383   0.00432598     0.000000
     0.226609   0.00431948     0.000000
     0.226835   0.00431300     0.000000
     0.227061   0.00430655     0.000000
     0.227287   0.00430012     0.000000
     0.227514   0.00429372     0.000000
     0.227741   0.00428734     0.000000
     0.227968   0.00428099     0.000000
     0.228195   0.00427466     0.000000
     0.228423   0.00426835     0.000000
     0.228650   0.00426207     0.000000
     0.228878   0.00425582     0.000000
     0.229106   0.00424958     0.000000
     0.229335   0.00424337     0.000000
     0.229563   0.00423719     0.000000
     0.229792   0.00423102     0.000000
     0.230021   0.00422488     0.000000
     0.230250   0.00421877     0.000000
     0.230479   0.00421267     0.000000
     0.230709   0.00420660     0.000000
     0.230939   0.00420055     0.000000
     0.231169   0.00419452     0.000000
     0.231399   0.00418852     0.000000
     0.231629   0.00418254     0.000000
     0.231860   0.00417657     0.000000
     0.232091   0.00417064     0.000000
     0.232321   0.00416472     0.000000
     0.232553   0.00415882     0.000000
     0.232784   0.00415295     0.000000
     0.233015   0.00414709     0.000000
     0.233247   0.00414126     0.000000
     0.233479   0.00413545     0.000000
     0.233711   0.00412965     0.000000
     0.233943   0.00412388     0.000000
     0.234175   0.00411813     0.000000
     0.234408   0.00411240     0.000000
     0.234641   0.00410669     0.000000
     0.234874   0.00410100     0.000000
     0.235107   0.00409533     0.000000
     0.235340   0.00408968     0.000000
     0.235573   0.00408405     0.000000
     0.235807   0.00407844     0.000000
     0.236041   0.00407285     0.000000
     0.236275   0.00406728     0.000000
     0.236509   0.00406172     0.000000
     0.236743   0.00405619     0.000000
     0.236977   0.00405067     0.000000
     0.237212   0.00404518     0.000000
     0.237446   0.00403970     0.000000
     0.237681   0.00403424     0.000000
     0.237916   0.00402880     0.000000
     0.238151   0.00402338     0.000000
     0.238387   0.00401798     0.000000
     0.238622   0.00401259     0.000000
     0.238858   0.00400722     0.000000
     0.239093   0.00400187     0.000000
     0.239329   0.00399654     0.000000
     0.239565   0.00399123     0.000000
     0.239802   0.00398593     0.000000
     0.240038   0.00398065     0.000000
     0.240274   0.00397539     0.000000
     0.240511   0.00397015     0.000000
     0.240748   0.00396492     0.000000
     0.240985   0.00395971     0.000000
     0.241221   0.00395452     0.000000
     0.241459   0.00394934     0.000000
     0.241696   0.00394419     0.000000
     0.241933   0.00393904     0.000000
     0.242171   0.00393392     0.000000
     0.242408   0.00392881     0.000000
     0.242646   0.00392372     0.000000
     0.242884   0.00391864     0.000000
     0.243122   0.00391358     0.000000
     0.243360   0.00390853     0.000000
     0.243599   0.00390351     0.000000
     0.243837   0.00389850     0.000000
     0.244076   0.00389350     0.000000
     0.244314   0.00388852     0.000000
     0.244553   0.00388355     0.000000
     0.244792   0.00387860     0.000000
     0.245031   0.00387367     0.000000
     0.245270   0.00386875     0.000000
     0.245509   0.00386385     0.000000
     0.245749   0.00385896     0.000000
     0.245988   0.00385409     0.000000
     0.246228   0.00384923     0.000000
     0.246467   0.00384439     0.000000
     0.246707   0.00383956     0.000000
     0.246947   0.00383475     0.000000
     0.247187   0.00382995     0.000000
     0.247427   0.00382517     0.000000
     0.247668   0.00382040     0.000000
     0.247908   0.00381565     0.000000
     0.248148   0.00381091     0.000000
     0.248389   0.00380618     0.000000
     0.248630   0.00380147     0.000000
     0.248870   0.00379677     0.000000
     0.249111   0.00379209     0.000000
     0.249352   0.00378742     0.000000
     0.249593   0.00378277     0.000000
     0.249835   0.00377812     0.000000
     0.250076   0.00377350     0.000000
     0.250317   0.00376888     0.000000
     0.250559   0.00376428     0.000000
     0.250800   0.00375970     0.000000
     0.251042   0.00375513     0.000000
     0.251284   0.00375057     0.000000
     0.251525   0.00374602     0.000000
     0.251767   0.00374149     0.000000
     0.252009   0.00373697     0.000000
     0.252252   0.00373246     0.000000
     0.252494   0.00372797     0.000000
     0.252736   0.00372349     0.000000
     0.252978   0.00371902     0.000000
     0.253221   0.00371457     0.000000
     0.253463   0.00371013     0.000000
     0.253706   0.00370570     0.000000
     0.253949   0.00370128     0.000000
     0.254192   0.00369688     0.000000
     0.254435   0.00369249     0.000000
     0.254678   0.00368811     0.000000
     0.254921   0.00368374     0.000000
     0.255164   0.00367939     0.000000
     0.255407   0.00367505     0.000000
     0.255650   0.00367072     0.000000
     0.255894   0.00366640     0.000000
     0.256137   0.00366210     0.000000
     0.256381   0.00365781     0.000000
     0.256625   0.00365353     0.000000
     0.256868   0.00364926     0.000000
     0.257112   0.00364500     0.000000
     0.257356   0.00364076     0.000000
     0.257600   0.00363652     0.000000
     0.257844   0.00363230     0.000000
     0.258088   0.00362809     0.000000
     0.258332   0.00362389     0.000000
     0.258576   0.00361971     0.000000
     0.258821   0.00361553     0.000000
     0.259065   0.00361137     0.000000
     0.259310   0.00360722     0.000000
     0.259554   0.00360308     0.000000
     0.259799   0.00359895     0.000000
     0.260043   0.00359483     0.000000
     0.260288   0.00359072     0.000000
     0.260533   0.00358663     0.000000
     0.260778   0.00358254     0.000000
     0.261023   0.00357847     0.000000
     0.261268   0.00357440     0.000000
     0.261513   0.00357035     0.000000
     0.261758   0.00356631     0.000000
     0.262003   0.00356228     0.000000
     0.262248   0.00355826     0.000000
     0.262494   0.00355425     0.000000
     0.262739   0.00355025     0.000000
     0.262985   0.00354626     0.000000
     0.263230   0.00354228     0.000000
     0.263476   0.00353832     0.000000
     0.263721   0.00353436     0.000000
     0.263967   0.00353042     0.000000
     0.264213   0.00352648     0.000000
     0.264459   0.00352255     0.000000
     0.264705   0.00351864     0.000000
     0.264951   0.00351473     0.000000
     0.265197   0.00351084     0.000000
     0.265443   0.00350695     0.000000
     0.265689   0.00350308     0.000000
     0.265935   0.00349921     0.000000
     0.266181   0.00349536     0.000000
     0.266428   0.00349151     0.000000
     0.266674   0.00348768     0.000000
     0.266920   0.00348385     0.000000
     0.267167   0.00348004     0.000000
     0.267413   0.00347623     0.000000
     0.267660   0.00347244     0.000000
     0.267907   0.00346865     0.000000
     0.268153   0.00346487     0.000000
     0.268400   0.00346110     0.000000
     0.268647   0.00345735     0.000000
     0.268894   0.00345360     0.000000
     0.269141   0.00344986     0.000000
     0.269387   0.00344613     0.000000
     0.269634   0.00344241     0.000000
     0.269881   0.00343870     0.000000
     0.270129   0.00343500     0.000000
     0.270376   0.00343131     0.000000
     0.270623   0.00342762     0.000000
     0.270870   0.00342395     0.000000
     0.271117   0.00342028     0.000000
     0.271365   0.00341663     0.000000
     0.271612   0.00341298     0.000000
     0.271860   0.00340934     0.000000
     0.272107   0.00340572     0.000000
     0.272355   0.00340210     0.000000
     0.272602   0.00339848     0.000000
     0.272850   0.00339488     0.000000
     0.273097   0.00339129     0.000000
     0.273345   0.00338770     0.000000
     0.273593   0.00338413     0.000000
     0.273841   0.00338056     0.000000
     0.274088   0.00337700     0.000000
     0.274336   0.00337345     0.000000
     0.274584   0.00336991     0.000000
     0.274832   0.00336638     0.000000
     0.275080   0.00336285     0.000000
     0.275328   0.00335934     0.000000
     0.275576   0.00335583     0.000000
     0.275824   0.00335233     0.000000
     0.276073   0.00334884     0.000000
     0.276321   0.00334536     0.000000
     0.276569   0.00334189     0.000000
     0.276817   0.00333842     0.000000
     0.277066   0.00333496     0.000000
     0.277314   0.00333151     0.000000
     0.277562   0.00332807     0.000000
     0.277811   0.00332464     0.000000
     0.278059   0.00332121     0.000000
     0.278308   0.00331780     0.000000
     0.278556   0.00331439     0.000000
     0.278805   0.00331099     0.000000
     0.279053   0.00330759     0.000000
     0.279302   0.00330421     0.000000
     0.279551   0.00330083     0.000000
     0.279800   0.00329746     0.000000
     0.280048   0.00329410     0.000000
     0.280297   0.00329075     0.000000
     0.280546   0.00328740     0.000000
     0.280795   0.00328406     0.000000
     0.281044   0.00328073     0.000000
     0.281293   0.00327741     0.000000
     0.281542   0.00327410     0.000000
     0.281791   0.00327079     0.000000
     0.282040   0.00326749     0.000000
     0.282289   0.00326420     0.000000
     0.282538   0.00326091     0.000000
     0.282787   0.00325763     0.000000
     0.283036   0.00325436     0.000000
     0.283285   0.00325110     0.000000
     0.283535   0.00324785     0.000000
     0.283784   0.00324460     0.000000
     0.284033   0.00324136     0.000000
     0.284282   0.00323813     0.000000
     0.284532   0.00323490     0.000000
     0.284781   0.00323168     0.000000
     0.285031   0.00322847     0.000000
     0.285280   0.00322527     0.000000
     0.285529   0.00322207     0.000000
     0.285779   0.00321888     0.000000
     0.286029   0.00321570     0.000000
     0.286278   0.00321252     0.000000
     0.286528   0.00320935     0.000000
     0.286777   0.00320619     0.000000
     0.287027   0.00320304     0.000000
     0.287277   0.00319989     0.000000
     0.287526   0.00319675     0.000000
     0.287776   0.00319362     0.000000
     0.288026   0.00319049     0.000000
     0.288276   0.00318737     0.000000
     0.288525   0.00318426     0.000000
     0.288775   0.00318115     0.000000
     0.289025   0.00317805     0.000000
     0.289275   0.00317496     0.000000
     0.289525   0.00317187     0.000000
     0.289775   0.00316879     0.000000
     0.290025   0.00316572     0.000000
     0.290275   0.00316266     0.000000
     0.290525   0.00315960     0.000000
     0.290775   0.00315654     0.000000
     0.291025   0.00315350     0.000000
     0.291275   0.00315046     0.000000
     0.291525   0.00314743     0.000000
     0.291775   0.00314440     0.000000
     0.292025   0.00314138     0.000000
     0.292275   0.00313837     0.000000
     0.292525   0.00313536     0.000000
     0.292776   0.00313236     0.000000
     0.293026   0.00312937     0.000000
     0.293276   0.00312638     0.000000
     0.293527   0.00312340     0.000000
     0.293777   0.00312042     0.000000
     0.294027   0.00311745     0.000000
     0.294277   0.00311449     0.000000
     0.294528   0.00311154     0.000000
     0.294778   0.00310859     0.000000
     0.295029   0.00310564     0.000000
     0.295279   0.00310271     0.000000
     0.295530   0.00309977     0.000000
     0.295780   0.00309685     0.000000
     0.296030   0.00309393     0.000000
     0.296281   0.00309102     0.000000
     0.296531   0.00308811     0.000000
     0.296782   0.00308521     0.000000
     0.297033   0.00308232     0.000000
     0.297283   0.00307943     0.000000
     0.297534   0.00307655     0.000000
     0.297784   0.00307367     0.000000
     0.298035   0.00307080     0.000000
     0.298286   0.00306793     0.000000
     0.298536   0.00306508     0.000000
     0.298787   0.00306222     0.000000
     0.299038   0.00305938     0.000000
     0.299289   0.00305654     0.000000
     0.299539   0.00305370     0.000000
     0.299790   0.00305087     0.000000
     0.300041   0.00304805     0.000000
     0.300292   0.00304523     0.000000
     0.300543   0.00304242     0.000000
     0.300793   0.00303961     0.000000
     0.301044   0.00303681     0.000000
     0.301295   0.00303402     0.000000
     0.301546   0.00303123     0.000000
     0.301797   0.00302844     0.000000
     0.302048   0.00302567     0.000000
     0.302299   0.00302289     0.000000
     0.302550   0.00302013     0.000000
     0.302801   0.00301737     0.000000
     0.303052   0.00301461     0.000000
     0.303303   0.00301186     0.000000
     0.303554   0.00300911     0.000000
     0.303805   0.00300638     0.000000
     0.304056   0.00300364     0.000000
     0.304307   0.00300091     0.000000
     0.304558   0.00299819     0.000000
     0.304809   0.00299547     0.000000
     0.305060   0.00299276     0.000000
     0.305311   0.00299006     0.000000
     0.305562   0.00298736     0.000000
     0.305813   0.00298466     0.000000
     0.306065   0.00298197     0.000000
     0.306316   0.00297929     0.000000
     0.306567   0.00297661     0.000000
     0.306818   0.00297393     0.000000
     0.307069   0.00297126     0.000000
     0.307321   0.00296860     0.000000
     0.307572   0.00296594     0.000000
     0.307823   0.00296329     0.000000
     0.308074   0.00296064     0.000000
     0.308326   0.00295799     0.000000
     0.308577   0.00295536     0.000000
     0.308828   0.00295272     0.000000
     0.309080   0.00295010     0.000000
     0.309331   0.00294747     0.000000
     0.309582   0.00294486     0.000000
     0.309834   0.00294224     0.000000
     0.310085   0.00293964     0.000000
     0.310336   0.00293704     0.000000
     0.310588   0.00293444     0.000000
     0.310839   0.00293185     0.000000
     0.311091   0.00292926     0.000000
     0.311342   0.00292668     0.000000
     0.311593   0.00292410     0.000000
     0.311845   0.00292153     0.000000
     0.312096   0.00291896     0.000000
     0.312348   0.00291640     0.000000
     0.312599   0.00291384     0.000000
     0.312851   0.00291129     0.000000
     0.313102   0.00290874     0.000000
     0.313354   0.00290620     0.000000
     0.313605   0.00290366     0.000000
     0.313857   0.00290113     0.000000
     0.314108   0.00289860     0.000000
     0.314360   0.00289607     0.000000
     0.314611   0.00289355     0.000000
     0.314863   0.00289104     0.000000
     0.315115   0.00288853     0.000000
     0.315366   0.00288603     0.000000
     0.315618   0.00288353     0.000000
     0.315869   0.00288103     0.000000
     0.316121   0.00287854     0.000000
     0.316373   0.00287606     0.000000
     0.316624   0.00287357     0.000000
     0.316876   0.00287110     0.000000
     0.317127   0.00286863     0.000000
     0.317379   0.00286616     0.000000
     0.317631   0.00286370     0.000000
     0.317882   0.00286124     0.000000
     0.318134   0.00285878     0.000000
     0.318386   0.00285634     0.000000
     0.318637   0.00285389     0.000000
     0.318889   0.00285145     0.000000
     0.319141   0.00284902     0.000000
     0.319393   0.00284659     0.000000
     0.319644   0.00284416     0.000000
     0.319896   0.00284174     0.000000
     0.320148   0.00283932     0.000000
     0.320400   0.00283691     0.000000
     0.320651   0.00283450     0.000000
     0.320903   0.00283209     0.000000
     0.321155   0.00282970     0.000000
     0.321407   0.00282730     0.000000
     0.321658   0.00282491     0.000000
     0.321910   0.00282252     0.000000
     0.322162   0.00282014     0.000000
     0.322414   0.00281776     0.000000
     0.322666   0.00281539     0.000000
     0.322917   0.00281302     0.000000
     0.323169   0.00281065     0.000000
     0.323421   0.00280829     0.000000
     0.323673   0.00280594     0.000000
     0.323925   0.00280359     0.000000
     0.324177   0.00280124     0.000000
     0.324429   0.00279889     0.000000
     0.324680   0.00279655     0.000000
     0.324932   0.00279422     0.000000
     0.325184   0.00279189     0.000000
     0.325436   0.00278956     0.000000
     0.325688   0.00278724     0.000000
     0.325940   0.00278492     0.000000
     0.326192   0.00278261     0.000000
     0.326444   0.00278030     0.000000
     0.326695   0.00277799     0.000000
     0.326947   0.00277569     0.000000
     0.327199   0.00277339     0.000000
     0.327451   0.00277110     0.000000
     0.327703   0.00276881     0.000000
     0.327955   0.00276652     0.000000
     0.328207   0.00276424     0.000000
     0.328459   0.00276196     0.000000
     0.328711   0.00275969     0.000000
     0.328963   0.00275742     0.000000
     0.329215   0.00275515     0.000000
     0.329467   0.00275289     0.000000
     0.329719   0.00275064     0.000000
     0.329971   0.00274838     0.000000
     0.330223   0.00274613     0.000000
     0.330475   0.00274389     0.000000
     0.330727   0.00274165     0.000000
     0.330979   0.00273941     0.000000
     0.331231   0.00273717     0.000000
     0.331483   0.00273494     0.000000
     0.331735   0.00273272     0.000000
     0.331987   0.00273050     0.000000
     0.332239   0.00272828     0.000000
     0.332491   0.00272606     0.000000
     0.332743   0.00272385     0.000000
     0.332995   0.00272165     0.000000
     0.333247   0.00271944     0.000000
     0.333499   0.00271724     0.000000
     0.333751   0.00271505     0.000000
     0.334003   0.00271286     0.000000
     0.334255   0.00271067     0.000000
     0.334507   0.00270849     0.000000
     0.334759   0.00270631     0.000000
     0.335011   0.00270413     0.000000
     0.335263   0.00270196     0.000000
     0.335515   0.00269979     0.000000
     0.335767   0.00269762     0.000000
